0
2
4
4
14
4
14
12
12
190
218
36
38
38
30
26
569
582
1664
1764
1084
138
1932
34
34
34
34
136
136
102
7474
328
1364
1672
1076
904
1104
573
1267
88
323
1677
1776
2596
89
166
1
1
1
266
320
1626
1005
866
300
779
728
552
1596
304
629
1959
1144
110
5359
43
1551
2940
2118
67
1904
98
345
1105
550
114
1144
1170
238
68
1724
1450
694
102
674
1
1300
2294
244
794
918
1066
1
2
872
1038
906
613
699
622
2308
2064
1976
327
1
1
1
1682
72
70
220
435
120
98
70
500
72
70
72
76
74
74
76
70
76
74
68
72
86
68
70
68
380
1632
10
4
9
9
13
11
3
3
6
22
646
34
15
55
18
18
640
456
468
390
390
970
1
2793
823
30
669
1226
600
300
300
300
101
300
300
312
344
344
1801
1
2267
168
283
80
60
168
136
30
30
1
32
37
21
90
90
4980
514
747
1
1
3330
2256
51
280
80
160
128
8
8
8
8
8
8
8
16
24
56
8
8
8
61
336
6
420
6195
5543
1
2820
11
98
46
36
27
27
36
36
97
27
19
328
240
24
45
45
1
1
2
8
666
234
414
1
2
630
10
10
10
30
30
100
90
120
4
4
4
4
4
4
4
4
4
4
4
4
4
4
4
1970
76
298
228
30
60
60

300
255